------------------------ 1 ------------------------
4442014992
4442014992
4440172203
4440172203
4440181648
4440181648
4440187409
4440187409
4442208953
4442208953
4442702252
4442702252
4443069162
4443069162
4405345827
4405345827
4443025599
4443025599
4443048244
4443048244
4443300198
4443300198
4442035229
4442035229
4443057651
4443057651
4442737380
4442737380
4434051790
4434051790
4433671193
4433671193
4424682235
4424682235
4424687208
4424687208
4442597893
4442597893
4433660143
4433660143
4442576996
4442576996
4442082092
4442082092
4442576350
4442576350
4442026811
4442026811
4442077999
4442077999

------------------------ 2 ------------------------
4440183505
4440183505
4440197076
4440197076
4443028994
4443028994
4443051192
4443051192
4443071032
4443071032
4412929585
4412929585
4442706151
4442706151
4424695001
4424695001
4424687206
4424687206
4442091514
4442091514
4442217601
4442217601
4440101997
4440101997
4443311196
4443311196
4442084811
4442084811
4442006874
4442006874
4442776270
4442776270
4431085148
4431085148
4442740263
4442740263
4442576855
4442576855
4440417187
4440417187
4441629812
4441629812
4439342139
4439342139
4443008504
4443008504
4440171181
4440171181
4440147471
4440147471

------------------------ 3 ------------------------
4440190381
4440190381
4440181615
4440181615
4443039789
4443039789
4443051840
4443051840
4443052075
4443052075
4443059571
4443059571
4440192803
4440192803
4442792045
4442792045
4443039533
4443039533
4442066928
4442066928
4442093343
4442093343
4442717400
4442717400
4442201113
4442201113
4440408039
4440408039
4442231008
4442231008
4442593922
4442593922
4442787826
4442787826
4442784285
4442784285
4442731404
4442731404
4442721867
4442721867
4440418180
4440418180
4344542725
4344542725
4443098635
4443098635
4442079914
4442079914
4431070837
4431070837

------------------------ 4 ------------------------
4440187434
4440187434
4440193238
4440193238
4443041217
4443041217
4443034540
4443034540
4442791081
4442791081
4443032649
4443032649
4443061484
4443061484
4440160498
4440160498
4404685285
4404685285
4434438427
4434438427
4440157280
4440157280
4442593368
4442593368
4442710108
4442710108
4443041387
4443041387
4440138794
4440138794
4442038249
4442038249
4442586989
4442586989
4442295246
4442295246
4415562411
4415562411
4442094634
4442094634
4440422401
4440422401
4434459335
4434459335
4302325811
4302325811
4442096245
4442096245
4440151487
4440151487

------------------------ 5 ------------------------
4440180687
4440180687
4440195231
4440195231
4443049050
4443049050
4442779460
4442779460
4344385684
4344385684
4415757537
4415757537
4382485208
4382485208
4434447643
4434447643
4434538769
4434538769
4442716706
4442716706
4442087624
4442087624
4442703910
4442703910
4428239216
4428239216
4415448409
4415448409
4428226912
4428226912
4442201075
4442201075
4442029096
4442029096
4415120750
4415120750
4432767577
4432767577
4442073808
4442073808
4442091475
4442091475
4431097632
4431097632
4434449071
4434449071
4442790875
4442790875
4439287598
4439287598

